AAPL: 1.0
ABBV: 0.7201259003692271
ABT: 0.7398462562798862
AMD: 0.9981720234852611
BAC: 0.9524241873978573
CMCSA: 0.9549300889776647
CRM: 0.7511772895103201
CSCO: 0.9536952968948611
CVX: 0.8773560922462321
DIS: 0.9454875612856365
GOOG: 0.9971067126687246
INTC: 0.9892863628109678
JNJ: 0.8761939349918286
JPM: 0.9517946855517221
KO: 0.9200411597360935
MRK: 0.8752859996368259
MSFT: 0.9896374311482355
NFLX: 0.7477755583802433
NVDA: 0.9923975546274438
PEP: 0.7082137885115913
PFE: 0.9329217359723988
PG: 0.798002542218994
TSLA: 0.9999394709763332
V: 0.7432721990194299
VZ: 0.9067731977483203
WFC: 0.9651958113915623
WMT: 0.82554324798741
XOM: 0.9765389504267297
